296630.56
369018.25
357381.91
336415.88
332573.72
171743.47
275685.66
305567.50
330590.69
286167.88
254165.72
235076.72
328977.94
275574.97
386862.31
398706.47
290250.12
297952.25
218347.73
223621.22
230475.22
306029.75
354436.22
246247.00
306726.12
270047.62
272445.62
271163.28
179168.25
355946.56
235080.58
220675.31
275306.22
319965.56
266113.31
338669.75
376851.69
334535.88
259047.62
246541.12
230889.08
342758.09
401986.88
238026.61
230846.97
256935.38
307168.69
356778.88
220193.53
233021.98
272353.22
259816.61
336806.62
250032.19
251584.89
238606.00
206905.25
320245.66
251450.53
253393.69
263435.12
254585.16
260066.72
227227.12
207958.66
261440.16
301912.19
219266.56
329041.06
200592.09
267166.00
314798.44
248353.97
246204.28
248190.56
239718.41
236857.48
304550.88
276644.69
409038.31
373238.88
252210.97
292436.59
473365.38
367038.75
299186.03
407028.09
194367.31
253050.86
365918.28
295204.47
278753.72
298943.44
355704.31
402077.88
211657.11
363205.97
347884.16
320461.59
307997.06
245158.92
381428.59
327768.00
324151.06
313060.28
280693.06
274603.62
350636.19
309319.97
345488.50
241124.53
246668.09
380565.44
253434.89
249132.92
334315.75
288388.19
413575.16
229988.66
324075.28
278648.62
276506.88
188475.02
259995.94
285124.94
260727.81
256121.94
292533.62
245691.00
225503.02
358779.62
299491.03
330198.41
293119.75
269849.16
368062.97
320290.06
325960.34
455170.53
312813.12
298613.31
301841.78
300014.59
311191.75
266650.91
322098.59
372601.75
318140.16
265145.38
347725.00
349825.25
327427.56
283355.59
243631.47
308419.25
356692.31
255128.09
269487.53
311371.97
314809.38
267474.97
249528.66
257033.50
227093.11
299137.88
339907.00
213944.98
323763.00
283265.41
275488.84
214912.17
250529.69
171712.59
287327.50
367098.22
390568.38
290424.66
296764.00
234491.02
297585.44
390444.09
267409.25
311824.41
283565.75
277202.31
289326.09
217693.16
293255.09
270443.06
307779.75
232059.05
339196.78
254271.16
351461.53
322817.53
234496.11
339615.22
347509.75
306819.69
333325.84
